ὲ 1.

661666.

Ne 0066666 6666 116661
6 6106061 061 1661

66 161 66606 61 6616661 626
16606661 6666 666 1066

neg 161 66606 61611 6011
66666 66666 pun razblude,
610 ugodno komu 6666

66 666 060 1 16161011. 630

Τ66 166661 666166 mila
661 1661666 16606 6066
po 66161166 66 6661 6066
666 01616666 1 666 616116.

616666 vilei 1166111661 636
6661666116 1 1601666,
1616160 66 66116666,
61 im u tom 160 66161661.

1)16616106 gole 1666
van 666666 ruse bile,
i od njedri (1666 mile
6611061166 661οι6 6666.

641

Ι 66606161 166066161
6 1660666161 6161666 se
i 66111661 igrahu 66
6 166616 ali urici.

646

Ti najprije‚ (16611, 61116
666611 661616 06 6660611,
666666 1601016 tom gorkosti
1666601 616661 pitje. 660

496

Ti 66661 lijepe 061
66 6616666 6666 6166616,
1 66 pozor 6601 66616616
6616111 666066 161061.

Ti oplete 6066 666666 666
66 166666 prije slobodne3
ti 66660666 6166 ugodne
stvori gorke i 61616666.

66610 6116666111 11061661,
6066 611666, 1 ti, Casti, 660
61616 66 66 6666 666611
610 dar 611666 06 166661,

ter 666 66666 160116661
166 66 61616 kim 66 616166.
Da ti 6016 5060066166
vrh natavi i 1666661,Ι

666

11 6016 66 cari 6016,
610 106066160116 6061
6 066 616666 kim ni 61061
661160611 666661 160161 610

San 6666116106161 podi
ki 66 66116111 1 66660161,
6 666, 161661 1 00610661
puk, 6661666 0661 odi,

da 61066610 6660 stara 676
66166 066 1106161611.
1111 1661610, jer mir 6 11611

· 61601 66 ima neg 66 hara.

Mi 1661160, jer 666061

666661 0661666 1611666(

6811

nam, 666 616166 66 601666
66666, 616660 606 666 6061.

 

